"","Spanish","Spanish","Spanish","Spanish","Spanish","Spanish","Spanish","Spanish","Spanish","English","English","English","English","Japanese","Isnag","Yogad","Agta","Gaddang","Ga-dang","Ibanag","Ibanag","Atta","Umiray Dumaget","Casiguran Dumagat","Ilokano","Itneg","North Kalinga","Central Kalinga","South Kalinga","Balangaw","Central Ifugao","Central Ifugao","East Ifugao","Central Bontok","North Kankanay","Ilongot","Pangasinan","Inibaloi","North Kallahan","North Kallahan","Itbayaten","Ivatanen","Kapampangan","Tina","Iraya","Siocon Subanon","Sindangan","Binukid","Ata","Tigwa","Dibabawon","Ilianen","Western Bukidnon","Sarangani Manobo","Kalamansig","Magindanao","Maranao","Hanunoo","Buhid","Kalamianen","Batak","Tagbanwa","Tagalog","Naga","Mansakan","Kalagan","Tagakaolo","Mamanwa","Tausug","Cebuano","Waray","Hiligaynon","Kuyunon","Tiruray","Tboli","Cotabato Bilaan","Sarangani Bilaan","Sangil","Kolod","Sumambu","Timugon","Kadazan-Dusun","Eastern Kadazan","Yakan","North Sama","Basque","Hungarian","Finnish","Estonian","Gagauz","Turkish","Udihe","Korean","Sedang"
"Spanish",0.999999999959593,0.999999999959593,0.999999999959593,0.999999999959593,0.999999999959593,0.999999999959593,0.999999999959593,0.999999999959593,0.999999999959593,0.244326148648207,0.244326148648207,0.244326148648207,0.244326148648207,0.172453930470861,0.148927846801521,0.0606601202622395,0.116901029979087,0.0854494745576439,0.231656604305768,0.175910227910572,0.175910227910572,0.113463199222386,0.152852756231278,0.229358289399418,0.167771702210446,0.131513828870525,0.0934047543992772,0.140150263635382,0.0878681062337871,0.0663655244578486,0.1427239521824,0.1427239521824,0.103394621600723,0.0965872176438101,0.063387159589935,0.0682447827150528,0.0715955395893889,0.10332426553557,0.0507742753804562,0.0507742753804562,0.271371021531651,0.15111745178406,0.289929362852874,0.109664463010416,0.223240845311316,0.106866177665162,0.0484051323350722,0.0687462624970228,0.0856779922085911,0.0728691400626672,0.104762327422842,0.0860570187088547,0.0449503290114265,0.046227228753962,0.0611334844090282,0.074509511393768,0.262608440104312,0.282217472128619,0.37329713808765,0.068643840425757,0.264092939852504,0.104762327422842,0.129054270233917,0.195672922875781,0.0360511059783452,0.0510438327256277,0.0553343498741174,0.184454964765488,0.165503643364887,0.168170606888525,0.149257380196288,0.300425685292731,0.215139649747858,0.179933664757374,0.150953880502125,0.14853006997666,0.155593743202147,0.0630932844732368,0.140150263635382,0.133546306151902,0.140150263635382,0.13174175887441,0.117335140833622,0.0697243716228884,0.106432056935133,0.725957788806449,0.0971862980747396,0.0484891463600413,0.0103009458727109,0.0772195420166835,0.0939180131108433,0.239246351043148,0.0201916980509913,0.0602389877416114
"Spanish",0.999999999959593,0.999999999959593,0.999999999959593,0.999999999959593,0.999999999959593,0.999999999959593,0.999999999959593,0.999999999959593,0.999999999959593,0.244326148648207,0.244326148648207,0.244326148648207,0.244326148648207,0.172453930470861,0.148927846801521,0.0606601202622395,0.116901029979087,0.0854494745576439,0.231656604305768,0.175910227910572,0.175910227910572,0.113463199222386,0.152852756231278,0.229358289399418,0.167771702210446,0.131513828870525,0.0934047543992772,0.140150263635382,0.0878681062337871,0.0663655244578486,0.1427239521824,0.1427239521824,0.103394621600723,0.0965872176438101,0.063387159589935,0.0682447827150528,0.0715955395893889,0.10332426553557,0.0507742753804562,0.0507742753804562,0.271371021531651,0.15111745178406,0.289929362852874,0.109664463010416,0.223240845311316,0.106866177665162,0.0484051323350722,0.0687462624970228,0.0856779922085911,0.0728691400626672,0.104762327422842,0.0860570187088547,0.0449503290114265,0.046227228753962,0.0611334844090282,0.074509511393768,0.262608440104312,0.282217472128619,0.37329713808765,0.068643840425757,0.264092939852504,0.104762327422842,0.129054270233917,0.195672922875781,0.0360511059783452,0.0510438327256277,0.0553343498741174,0.184454964765488,0.165503643364887,0.168170606888525,0.149257380196288,0.300425685292731,0.215139649747858,0.179933664757374,0.150953880502125,0.14853006997666,0.155593743202147,0.0630932844732368,0.140150263635382,0.133546306151902,0.140150263635382,0.13174175887441,0.117335140833622,0.0697243716228884,0.106432056935133,0.725957788806449,0.0971862980747396,0.0484891463600413,0.0103009458727109,0.0772195420166835,0.0939180131108433,0.239246351043148,0.0201916980509913,0.0602389877416114
"Spanish",0.999999999959593,0.999999999959593,0.999999999959593,0.999999999959593,0.999999999959593,0.999999999959593,0.999999999959593,0.999999999959593,0.999999999959593,0.244326148648207,0.244326148648207,0.244326148648207,0.244326148648207,0.172453930470861,0.148927846801521,0.0606601202622395,0.116901029979087,0.0854494745576439,0.231656604305768,0.175910227910572,0.175910227910572,0.113463199222386,0.152852756231278,0.229358289399418,0.167771702210446,0.131513828870525,0.0934047543992772,0.140150263635382,0.0878681062337871,0.0663655244578486,0.1427239521824,0.1427239521824,0.103394621600723,0.0965872176438101,0.063387159589935,0.0682447827150528,0.0715955395893889,0.10332426553557,0.0507742753804562,0.0507742753804562,0.271371021531651,0.15111745178406,0.289929362852874,0.109664463010416,0.223240845311316,0.106866177665162,0.0484051323350722,0.0687462624970228,0.0856779922085911,0.0728691400626672,0.104762327422842,0.0860570187088547,0.0449503290114265,0.046227228753962,0.0611334844090282,0.074509511393768,0.262608440104312,0.282217472128619,0.37329713808765,0.068643840425757,0.264092939852504,0.104762327422842,0.129054270233917,0.195672922875781,0.0360511059783452,0.0510438327256277,0.0553343498741174,0.184454964765488,0.165503643364887,0.168170606888525,0.149257380196288,0.300425685292731,0.215139649747858,0.179933664757374,0.150953880502125,0.14853006997666,0.155593743202147,0.0630932844732368,0.140150263635382,0.133546306151902,0.140150263635382,0.13174175887441,0.117335140833622,0.0697243716228884,0.106432056935133,0.725957788806449,0.0971862980747396,0.0484891463600413,0.0103009458727109,0.0772195420166835,0.0939180131108433,0.239246351043148,0.0201916980509913,0.0602389877416114
"Spanish",0.999999999959593,0.999999999959593,0.999999999959593,0.999999999959593,0.999999999959593,0.999999999959593,0.999999999959593,0.999999999959593,0.999999999959593,0.244326148648207,0.244326148648207,0.244326148648207,0.244326148648207,0.172453930470861,0.148927846801521,0.0606601202622395,0.116901029979087,0.0854494745576439,0.231656604305768,0.175910227910572,0.175910227910572,0.113463199222386,0.152852756231278,0.229358289399418,0.167771702210446,0.131513828870525,0.0934047543992772,0.140150263635382,0.0878681062337871,0.0663655244578486,0.1427239521824,0.1427239521824,0.103394621600723,0.0965872176438101,0.063387159589935,0.0682447827150528,0.0715955395893889,0.10332426553557,0.0507742753804562,0.0507742753804562,0.271371021531651,0.15111745178406,0.289929362852874,0.109664463010416,0.223240845311316,0.106866177665162,0.0484051323350722,0.0687462624970228,0.0856779922085911,0.0728691400626672,0.104762327422842,0.0860570187088547,0.0449503290114265,0.046227228753962,0.0611334844090282,0.074509511393768,0.262608440104312,0.282217472128619,0.37329713808765,0.068643840425757,0.264092939852504,0.104762327422842,0.129054270233917,0.195672922875781,0.0360511059783452,0.0510438327256277,0.0553343498741174,0.184454964765488,0.165503643364887,0.168170606888525,0.149257380196288,0.300425685292731,0.215139649747858,0.179933664757374,0.150953880502125,0.14853006997666,0.155593743202147,0.0630932844732368,0.140150263635382,0.133546306151902,0.140150263635382,0.13174175887441,0.117335140833622,0.0697243716228884,0.106432056935133,0.725957788806449,0.0971862980747396,0.0484891463600413,0.0103009458727109,0.0772195420166835,0.0939180131108433,0.239246351043148,0.0201916980509913,0.0602389877416114
"Spanish",0.999999999959593,0.999999999959593,0.999999999959593,0.999999999959593,0.999999999959593,0.999999999959593,0.999999999959593,0.999999999959593,0.999999999959593,0.244326148648207,0.244326148648207,0.244326148648207,0.244326148648207,0.172453930470861,0.148927846801521,0.0606601202622395,0.116901029979087,0.0854494745576439,0.231656604305768,0.175910227910572,0.175910227910572,0.113463199222386,0.152852756231278,0.229358289399418,0.167771702210446,0.131513828870525,0.0934047543992772,0.140150263635382,0.0878681062337871,0.0663655244578486,0.1427239521824,0.1427239521824,0.103394621600723,0.0965872176438101,0.063387159589935,0.0682447827150528,0.0715955395893889,0.10332426553557,0.0507742753804562,0.0507742753804562,0.271371021531651,0.15111745178406,0.289929362852874,0.109664463010416,0.223240845311316,0.106866177665162,0.0484051323350722,0.0687462624970228,0.0856779922085911,0.0728691400626672,0.104762327422842,0.0860570187088547,0.0449503290114265,0.046227228753962,0.0611334844090282,0.074509511393768,0.262608440104312,0.282217472128619,0.37329713808765,0.068643840425757,0.264092939852504,0.104762327422842,0.129054270233917,0.195672922875781,0.0360511059783452,0.0510438327256277,0.0553343498741174,0.184454964765488,0.165503643364887,0.168170606888525,0.149257380196288,0.300425685292731,0.215139649747858,0.179933664757374,0.150953880502125,0.14853006997666,0.155593743202147,0.0630932844732368,0.140150263635382,0.133546306151902,0.140150263635382,0.13174175887441,0.117335140833622,0.0697243716228884,0.106432056935133,0.725957788806449,0.0971862980747396,0.0484891463600413,0.0103009458727109,0.0772195420166835,0.0939180131108433,0.239246351043148,0.0201916980509913,0.0602389877416114
"Spanish",0.999999999959593,0.999999999959593,0.999999999959593,0.999999999959593,0.999999999959593,0.999999999959593,0.999999999959593,0.999999999959593,0.999999999959593,0.244326148648207,0.244326148648207,0.244326148648207,0.244326148648207,0.172453930470861,0.148927846801521,0.0606601202622395,0.116901029979087,0.0854494745576439,0.231656604305768,0.175910227910572,0.175910227910572,0.113463199222386,0.152852756231278,0.229358289399418,0.167771702210446,0.131513828870525,0.0934047543992772,0.140150263635382,0.0878681062337871,0.0663655244578486,0.1427239521824,0.1427239521824,0.103394621600723,0.0965872176438101,0.063387159589935,0.0682447827150528,0.0715955395893889,0.10332426553557,0.0507742753804562,0.0507742753804562,0.271371021531651,0.15111745178406,0.289929362852874,0.109664463010416,0.223240845311316,0.106866177665162,0.0484051323350722,0.0687462624970228,0.0856779922085911,0.0728691400626672,0.104762327422842,0.0860570187088547,0.0449503290114265,0.046227228753962,0.0611334844090282,0.074509511393768,0.262608440104312,0.282217472128619,0.37329713808765,0.068643840425757,0.264092939852504,0.104762327422842,0.129054270233917,0.195672922875781,0.0360511059783452,0.0510438327256277,0.0553343498741174,0.184454964765488,0.165503643364887,0.168170606888525,0.149257380196288,0.300425685292731,0.215139649747858,0.179933664757374,0.150953880502125,0.14853006997666,0.155593743202147,0.0630932844732368,0.140150263635382,0.133546306151902,0.140150263635382,0.13174175887441,0.117335140833622,0.0697243716228884,0.106432056935133,0.725957788806449,0.0971862980747396,0.0484891463600413,0.0103009458727109,0.0772195420166835,0.0939180131108433,0.239246351043148,0.0201916980509913,0.0602389877416114
"Spanish",0.999999999959593,0.999999999959593,0.999999999959593,0.999999999959593,0.999999999959593,0.999999999959593,0.999999999959593,0.999999999959593,0.999999999959593,0.244326148648207,0.244326148648207,0.244326148648207,0.244326148648207,0.172453930470861,0.148927846801521,0.0606601202622395,0.116901029979087,0.0854494745576439,0.231656604305768,0.175910227910572,0.175910227910572,0.113463199222386,0.152852756231278,0.229358289399418,0.167771702210446,0.131513828870525,0.0934047543992772,0.140150263635382,0.0878681062337871,0.0663655244578486,0.1427239521824,0.1427239521824,0.103394621600723,0.0965872176438101,0.063387159589935,0.0682447827150528,0.0715955395893889,0.10332426553557,0.0507742753804562,0.0507742753804562,0.271371021531651,0.15111745178406,0.289929362852874,0.109664463010416,0.223240845311316,0.106866177665162,0.0484051323350722,0.0687462624970228,0.0856779922085911,0.0728691400626672,0.104762327422842,0.0860570187088547,0.0449503290114265,0.046227228753962,0.0611334844090282,0.074509511393768,0.262608440104312,0.282217472128619,0.37329713808765,0.068643840425757,0.264092939852504,0.104762327422842,0.129054270233917,0.195672922875781,0.0360511059783452,0.0510438327256277,0.0553343498741174,0.184454964765488,0.165503643364887,0.168170606888525,0.149257380196288,0.300425685292731,0.215139649747858,0.179933664757374,0.150953880502125,0.14853006997666,0.155593743202147,0.0630932844732368,0.140150263635382,0.133546306151902,0.140150263635382,0.13174175887441,0.117335140833622,0.0697243716228884,0.106432056935133,0.725957788806449,0.0971862980747396,0.0484891463600413,0.0103009458727109,0.0772195420166835,0.0939180131108433,0.239246351043148,0.0201916980509913,0.0602389877416114
"Spanish",0.999999999959593,0.999999999959593,0.999999999959593,0.999999999959593,0.999999999959593,0.999999999959593,0.999999999959593,0.999999999959593,0.999999999959593,0.244326148648207,0.244326148648207,0.244326148648207,0.244326148648207,0.172453930470861,0.148927846801521,0.0606601202622395,0.116901029979087,0.0854494745576439,0.231656604305768,0.175910227910572,0.175910227910572,0.113463199222386,0.152852756231278,0.229358289399418,0.167771702210446,0.131513828870525,0.0934047543992772,0.140150263635382,0.0878681062337871,0.0663655244578486,0.1427239521824,0.1427239521824,0.103394621600723,0.0965872176438101,0.063387159589935,0.0682447827150528,0.0715955395893889,0.10332426553557,0.0507742753804562,0.0507742753804562,0.271371021531651,0.15111745178406,0.289929362852874,0.109664463010416,0.223240845311316,0.106866177665162,0.0484051323350722,0.0687462624970228,0.0856779922085911,0.0728691400626672,0.104762327422842,0.0860570187088547,0.0449503290114265,0.046227228753962,0.0611334844090282,0.074509511393768,0.262608440104312,0.282217472128619,0.37329713808765,0.068643840425757,0.264092939852504,0.104762327422842,0.129054270233917,0.195672922875781,0.0360511059783452,0.0510438327256277,0.0553343498741174,0.184454964765488,0.165503643364887,0.168170606888525,0.149257380196288,0.300425685292731,0.215139649747858,0.179933664757374,0.150953880502125,0.14853006997666,0.155593743202147,0.0630932844732368,0.140150263635382,0.133546306151902,0.140150263635382,0.13174175887441,0.117335140833622,0.0697243716228884,0.106432056935133,0.725957788806449,0.0971862980747396,0.0484891463600413,0.0103009458727109,0.0772195420166835,0.0939180131108433,0.239246351043148,0.0201916980509913,0.0602389877416114
"Spanish",0.999999999959593,0.999999999959593,0.999999999959593,0.999999999959593,0.999999999959593,0.999999999959593,0.999999999959593,0.999999999959593,0.999999999959593,0.244326148648207,0.244326148648207,0.244326148648207,0.244326148648207,0.172453930470861,0.148927846801521,0.0606601202622395,0.116901029979087,0.0854494745576439,0.231656604305768,0.175910227910572,0.175910227910572,0.113463199222386,0.152852756231278,0.229358289399418,0.167771702210446,0.131513828870525,0.0934047543992772,0.140150263635382,0.0878681062337871,0.0663655244578486,0.1427239521824,0.1427239521824,0.103394621600723,0.0965872176438101,0.063387159589935,0.0682447827150528,0.0715955395893889,0.10332426553557,0.0507742753804562,0.0507742753804562,0.271371021531651,0.15111745178406,0.289929362852874,0.109664463010416,0.223240845311316,0.106866177665162,0.0484051323350722,0.0687462624970228,0.0856779922085911,0.0728691400626672,0.104762327422842,0.0860570187088547,0.0449503290114265,0.046227228753962,0.0611334844090282,0.074509511393768,0.262608440104312,0.282217472128619,0.37329713808765,0.068643840425757,0.264092939852504,0.104762327422842,0.129054270233917,0.195672922875781,0.0360511059783452,0.0510438327256277,0.0553343498741174,0.184454964765488,0.165503643364887,0.168170606888525,0.149257380196288,0.300425685292731,0.215139649747858,0.179933664757374,0.150953880502125,0.14853006997666,0.155593743202147,0.0630932844732368,0.140150263635382,0.133546306151902,0.140150263635382,0.13174175887441,0.117335140833622,0.0697243716228884,0.106432056935133,0.725957788806449,0.0971862980747396,0.0484891463600413,0.0103009458727109,0.0772195420166835,0.0939180131108433,0.239246351043148,0.0201916980509913,0.0602389877416114
"English",0.244326148648207,0.244326148648207,0.244326148648207,0.244326148648207,0.244326148648207,0.244326148648207,0.244326148648207,0.244326148648207,0.244326148648207,0.999999999987719,0.999999999987719,0.999999999987719,0.999999999987719,0.157898920481065,0.301838960191276,0.0381256970587093,0.120423431894473,0.0856655250902522,0.189576058714073,0.116262424190345,0.116262424190345,0.121447542581261,0.0833931259218368,0.115889408159165,0.118042711490449,0.170422375073037,0.0857442371695821,0.089560055721912,0.0561502510674006,0.120201696456163,0.108881231878946,0.108881231878946,0.190484838592046,0.0620811047853353,0.0415516654674365,0.113731634618317,0.140592731479354,0.0723772327548282,0.0441270911821464,0.0441270911821464,0.116165980140246,0.163762786654988,0.0879733192173564,0.060832746606289,0.0538096051239624,0.0839864202786642,0.0518113750582695,0.0611612468438014,0.0673345675817042,0.0633293762215554,0.0611589990424656,0.105725663197295,0.0552238901243095,0.0792624529641746,0.0938292200443846,0.0526532184356951,0.13320904581716,0.0986274052971916,0.12092330173199,0.0325843037029387,0.132936238452961,0.0611589990424656,0.465077246435815,0.252436951646969,0.0171129729736314,0.0471099997566061,0.0583193791471358,0.167294858239596,0.215196283778538,0.0587710976194964,0.123599899964284,0.074015673742953,0.0652798629884909,0.0344882303284441,0.163500328798182,0.0976557163035128,0.224387494562235,0.0344223182263144,0.089560055721912,0.169821448986567,0.089560055721912,0.103536207347755,0.130804886361989,0.115154821657912,0.0890245745393079,0.065986041266596,0.387666678068498,0.203071914552434,0.0637097127153957,0.211102152259976,0.136677797810568,0.154543986480811,0.0874699387593945,0.0362044373927202
"English",0.244326148648207,0.244326148648207,0.244326148648207,0.244326148648207,0.244326148648207,0.244326148648207,0.244326148648207,0.244326148648207,0.244326148648207,0.999999999987719,0.999999999987719,0.999999999987719,0.999999999987719,0.157898920481065,0.301838960191276,0.0381256970587093,0.120423431894473,0.0856655250902522,0.189576058714073,0.116262424190345,0.116262424190345,0.121447542581261,0.0833931259218368,0.115889408159165,0.118042711490449,0.170422375073037,0.0857442371695821,0.089560055721912,0.0561502510674006,0.120201696456163,0.108881231878946,0.108881231878946,0.190484838592046,0.0620811047853353,0.0415516654674365,0.113731634618317,0.140592731479354,0.0723772327548282,0.0441270911821464,0.0441270911821464,0.116165980140246,0.163762786654988,0.0879733192173564,0.060832746606289,0.0538096051239624,0.0839864202786642,0.0518113750582695,0.0611612468438014,0.0673345675817042,0.0633293762215554,0.0611589990424656,0.105725663197295,0.0552238901243095,0.0792624529641746,0.0938292200443846,0.0526532184356951,0.13320904581716,0.0986274052971916,0.12092330173199,0.0325843037029387,0.132936238452961,0.0611589990424656,0.465077246435815,0.252436951646969,0.0171129729736314,0.0471099997566061,0.0583193791471358,0.167294858239596,0.215196283778538,0.0587710976194964,0.123599899964284,0.074015673742953,0.0652798629884909,0.0344882303284441,0.163500328798182,0.0976557163035128,0.224387494562235,0.0344223182263144,0.089560055721912,0.169821448986567,0.089560055721912,0.103536207347755,0.130804886361989,0.115154821657912,0.0890245745393079,0.065986041266596,0.387666678068498,0.203071914552434,0.0637097127153957,0.211102152259976,0.136677797810568,0.154543986480811,0.0874699387593945,0.0362044373927202
"English",0.244326148648207,0.244326148648207,0.244326148648207,0.244326148648207,0.244326148648207,0.244326148648207,0.244326148648207,0.244326148648207,0.244326148648207,0.999999999987719,0.999999999987719,0.999999999987719,0.999999999987719,0.157898920481065,0.301838960191276,0.0381256970587093,0.120423431894473,0.0856655250902522,0.189576058714073,0.116262424190345,0.116262424190345,0.121447542581261,0.0833931259218368,0.115889408159165,0.118042711490449,0.170422375073037,0.0857442371695821,0.089560055721912,0.0561502510674006,0.120201696456163,0.108881231878946,0.108881231878946,0.190484838592046,0.0620811047853353,0.0415516654674365,0.113731634618317,0.140592731479354,0.0723772327548282,0.0441270911821464,0.0441270911821464,0.116165980140246,0.163762786654988,0.0879733192173564,0.060832746606289,0.0538096051239624,0.0839864202786642,0.0518113750582695,0.0611612468438014,0.0673345675817042,0.0633293762215554,0.0611589990424656,0.105725663197295,0.0552238901243095,0.0792624529641746,0.0938292200443846,0.0526532184356951,0.13320904581716,0.0986274052971916,0.12092330173199,0.0325843037029387,0.132936238452961,0.0611589990424656,0.465077246435815,0.252436951646969,0.0171129729736314,0.0471099997566061,0.0583193791471358,0.167294858239596,0.215196283778538,0.0587710976194964,0.123599899964284,0.074015673742953,0.0652798629884909,0.0344882303284441,0.163500328798182,0.0976557163035128,0.224387494562235,0.0344223182263144,0.089560055721912,0.169821448986567,0.089560055721912,0.103536207347755,0.130804886361989,0.115154821657912,0.0890245745393079,0.065986041266596,0.387666678068498,0.203071914552434,0.0637097127153957,0.211102152259976,0.136677797810568,0.154543986480811,0.0874699387593945,0.0362044373927202
"English",0.244326148648207,0.244326148648207,0.244326148648207,0.244326148648207,0.244326148648207,0.244326148648207,0.244326148648207,0.244326148648207,0.244326148648207,0.999999999987719,0.999999999987719,0.999999999987719,0.999999999987719,0.157898920481065,0.301838960191276,0.0381256970587093,0.120423431894473,0.0856655250902522,0.189576058714073,0.116262424190345,0.116262424190345,0.121447542581261,0.0833931259218368,0.115889408159165,0.118042711490449,0.170422375073037,0.0857442371695821,0.089560055721912,0.0561502510674006,0.120201696456163,0.108881231878946,0.108881231878946,0.190484838592046,0.0620811047853353,0.0415516654674365,0.113731634618317,0.140592731479354,0.0723772327548282,0.0441270911821464,0.0441270911821464,0.116165980140246,0.163762786654988,0.0879733192173564,0.060832746606289,0.0538096051239624,0.0839864202786642,0.0518113750582695,0.0611612468438014,0.0673345675817042,0.0633293762215554,0.0611589990424656,0.105725663197295,0.0552238901243095,0.0792624529641746,0.0938292200443846,0.0526532184356951,0.13320904581716,0.0986274052971916,0.12092330173199,0.0325843037029387,0.132936238452961,0.0611589990424656,0.465077246435815,0.252436951646969,0.0171129729736314,0.0471099997566061,0.0583193791471358,0.167294858239596,0.215196283778538,0.0587710976194964,0.123599899964284,0.074015673742953,0.0652798629884909,0.0344882303284441,0.163500328798182,0.0976557163035128,0.224387494562235,0.0344223182263144,0.089560055721912,0.169821448986567,0.089560055721912,0.103536207347755,0.130804886361989,0.115154821657912,0.0890245745393079,0.065986041266596,0.387666678068498,0.203071914552434,0.0637097127153957,0.211102152259976,0.136677797810568,0.154543986480811,0.0874699387593945,0.0362044373927202
"Japanese",0.172453930470861,0.172453930470861,0.172453930470861,0.172453930470861,0.172453930470861,0.172453930470861,0.172453930470861,0.172453930470861,0.172453930470861,0.157898920481065,0.157898920481065,0.157898920481065,0.157898920481065,0.999999999950864,0.369717012931347,0.246026713124823,0.286745358094299,0.0630542782696576,0.101168522773018,0.203138507370503,0.203138507370503,0.196571938406442,0.141247403250629,0.266687480613812,0.194304080115728,0.155225259451659,0.432915992163322,0.142158680171752,0.391715320114818,0.324753668278757,0.183822648179397,0.183822648179397,0.194513078079486,0.400611958220377,0.06595496032717,0.0685842087388805,0.0510181768083828,0.158718235311518,0.0675222715733589,0.0675222715733589,0.396898143963797,0.400808837592526,0.371473129977555,0.101254501650076,0.262137099188802,0.139793180564204,0.0838605887830431,0.0973437825161844,0.407122623778113,0.0969051715213621,0.0935841097117404,0.076874671252965,0.040154095706798,0.0622054104246878,0.0786137158900901,0.0748800960184071,0.308363886614724,0.387583643190049,0.329309044540876,0.0463393475745801,0.307732368397611,0.0935841097117404,0.178914673867543,0.375553339268476,0.0243369939680114,0.239012020995694,0.103628072494714,0.216593380692627,0.0875125651666615,0.230957268534649,0.206270898748017,0.350632282206884,0.275648517583446,0.0509324470975337,0.0940291459888357,0.096912275494549,0.223460144156399,0.058302923769112,0.142158680171752,0.31524450045593,0.142158680171752,0.172333285315322,0.230679015389208,0.452045908479301,0.342017456578198,0.252534848693856,0.257076867873296,0.191741456532334,0.0584792131066165,0.487803025637494,0.433191355339232,0.180714830017097,0.212254822932791,0.0546616107830844
"Isnag",0.148927846801521,0.148927846801521,0.148927846801521,0.148927846801521,0.148927846801521,0.148927846801521,0.148927846801521,0.148927846801521,0.148927846801521,0.301838960191276,0.301838960191276,0.301838960191276,0.301838960191276,0.369717012931347,0.99999999994246,0.272806787816455,0.356405484494546,0.223103001471146,0.357961453281048,0.329216022664909,0.329216022664909,0.370573825333796,0.247902353155077,0.480306538546008,0.334257196614095,0.448563344808911,0.549155063161391,0.314149523936354,0.524403122050448,0.518496435282996,0.325240431009536,0.325240431009536,0.477197068561678,0.518835299945805,0.145750645427574,0.310953403822826,0.348072436930501,0.183518803773833,0.143708002333407,0.143708002333407,0.403118622987038,0.359717205958628,0.516334031792274,0.198113047040359,0.361989826343044,0.273517251140821,0.158092449167527,0.201863777631369,0.538570915329865,0.206243781356644,0.199175548206882,0.283716947847898,0.148194422062231,0.212910793570119,0.241041677672654,0.184691527630072,0.577150490318359,0.530726505238828,0.437584415962479,0.11429585895364,0.575968506744827,0.199175548206882,0.6362868169247,0.651835278152111,0.0600271211296789,0.303328870351315,0.160579192294561,0.299097687838502,0.186253448323201,0.316254687582881,0.36270136769107,0.497920786125481,0.38314133366882,0.108652329111523,0.321834064826181,0.170844489039946,0.311279378554617,0.102327063476088,0.314149523936354,0.273537355478492,0.314149523936354,0.337184734542592,0.383844252282383,0.43828663204938,0.324099896962477,0.174417550086087,0.139171638839314,0.211947052019707,0.0603369533634382,0.137904277953298,0.249891117158292,0.206650007133238,0.0337357802332183,0.0900777654518044
"Yogad",0.0606601202622395,0.0606601202622395,0.0606601202622395,0.0606601202622395,0.0606601202622395,0.0606601202622395,0.0606601202622395,0.0606601202622395,0.0606601202622395,0.0381256970587093,0.0381256970587093,0.0381256970587093,0.0381256970587093,0.246026713124823,0.272806787816455,0.999999999927019,0.674986840248466,0.786940444752825,0.168062887001503,0.215636693956011,0.215636693956011,0.203622171378363,0.187372067033543,0.129665400996238,0.204380951323011,0.159445299135187,0.504055067634802,0.245469681715661,0.52267092949093,0.358138931306449,0.244269284303203,0.244269284303203,0.176957895527202,0.530093194273686,0.11168776062915,0.122472757133266,0.0867194813088994,0.0460323967672594,0.0911200131341119,0.0911200131341119,0.24937989162298,0.304028764737498,0.14749840056182,0.132955471371031,0.117605760264282,0.18717343754835,0.0868683257630888,0.125379448740268,0.509643347786138,0.130771674234089,0.126289964886151,0.103740897499679,0.054187183620402,0.688618569342876,0.791426996003207,0.133715500731053,0.138345047059311,0.143575060283667,0.160112462773419,0.0827494807566731,0.140779572072866,0.126289964886151,0.0639942266850068,0.0989188980946211,0.0434592569695116,0.851898448068538,0.716352073173748,0.0971729270044882,0.118096531730128,0.0855549617114377,0.179928317435034,0.152838290100344,0.109449949888665,0.702914795914929,0.126044500415584,0.128680081033603,0.134799744500879,0.0773418773687889,0.245469681715661,0.162215981890336,0.245469681715661,0.230742395917218,0.205509564717293,0.414745505355211,0.316128519002535,0.0710423859021921,0.132881970983097,0.210348444807218,0.0582914721880367,0.136082065536055,0.104422740869158,0.0776215774912555,0.0194789923511447,0.0131977262132156
"Agta",0.116901029979087,0.116901029979087,0.116901029979087,0.116901029979087,0.116901029979087,0.116901029979087,0.116901029979087,0.116901029979087,0.116901029979087,0.120423431894473,0.120423431894473,0.120423431894473,0.120423431894473,0.286745358094299,0.356405484494546,0.674986840248466,0.999999999965615,0.564505477738321,0.15441772206194,0.259474453635007,0.259474453635007,0.292070963259776,0.318149409712589,0.435049581674487,0.263447698453399,0.213925576352554,0.428189616376432,0.24910812143315,0.409308063955882,0.318590571588316,0.257171350398315,0.257171350398315,0.237622425208412,0.402944505771105,0.114065308013583,0.134139348931173,0.0888454619237004,0.103518376950636,0.175216556591704,0.175216556591704,0.313540186316767,0.279177985096159,0.40320521113272,0.154809029490022,0.281300719120244,0.333487002364737,0.250870033200712,0.159663185033343,0.420162542031525,0.16303281729223,0.157445478095243,0.454369950643015,0.237331935043649,0.512217513495633,0.581160034246198,0.146453061317181,0.330906931235825,0.41422321970889,0.341965951728962,0.349899070342447,0.3320948000311,0.157445478095243,0.19050294173165,0.287607619337226,0.0475991279306124,0.630277717622869,0.553195050508994,0.437965009700216,0.411619652203301,0.246831529317289,0.285333312543811,0.389117960563222,0.299195042012573,0.624040086504163,0.31804334207204,0.219875086546829,0.230331728505222,0.284173079444382,0.24910812143315,0.215590830867367,0.24910812143315,0.26653980478629,0.301966195225698,0.418442277149197,0.25284439375124,0.13690919253472,0.223458867487732,0.16545996697732,0.047193722337846,0.10743603666231,0.146690297409604,0.147296076708239,0.0269511981655923,0.0833139918619097
"Gaddang",0.0854494745576439,0.0854494745576439,0.0854494745576439,0.0854494745576439,0.0854494745576439,0.0854494745576439,0.0854494745576439,0.0854494745576439,0.0854494745576439,0.0856655250902522,0.0856655250902522,0.0856655250902522,0.0856655250902522,0.0630542782696576,0.223103001471146,0.786940444752825,0.564505477738321,0.999999999924933,0.494380415444494,0.395116391822176,0.395116391822176,0.329517063601081,0.343326424164525,0.341055186394358,0.386402416882489,0.507827135240148,0.241882800129248,0.386347765859749,0.242223208532272,0.297209255806821,0.373922498471632,0.373922498471632,0.470990849345098,0.252807154006267,0.177017389954068,0.360146623948897,0.168625035859389,0.130468985505104,0.147457415663702,0.147457415663702,0.112535310446472,0.170902333604868,0.238693259727138,0.257349443859557,0.186397010811872,0.294594586670406,0.140577008052065,0.206513612608045,0.236185790987319,0.211624784296109,0.251246388579176,0.343568078610081,0.179456578942955,0.848975505353291,0.973138892816706,0.216388710819747,0.392109453494789,0.232344208642906,0.243524070083064,0.164625179963186,0.394062838856583,0.251246388579176,0.105174699551379,0.160688201569799,0.0864596120030466,0.71481967982256,0.774904237163428,0.154012380726747,0.234946039676803,0.138451621298698,0.3579567070068,0.247334679808142,0.177120329552046,0.790227271042597,0.355458541627487,0.196409173066116,0.356872921481782,0.141715414766029,0.386347765859749,0.311100669437557,0.386347765859749,0.363168308724254,0.323454043841315,0.192206953482873,0.151701780791324,0.100074555085275,0.0459088888426379,0.0810532539868401,0.0140401874005975,0.0499635717218132,0.0243213441075171,0.204165809661793,0.0389023252561439,0.0583504589301339
"Ga-dang",0.231656604305768,0.231656604305768,0.231656604305768,0.231656604305768,0.231656604305768,0.231656604305768,0.231656604305768,0.231656604305768,0.231656604305768,0.189576058714073,0.189576058714073,0.189576058714073,0.189576058714073,0.101168522773018,0.357961453281048,0.168062887001503,0.15441772206194,0.494380415444494,0.999999999806755,0.633951300034525,0.633951300034525,0.528699328032507,0.550855994443089,0.547211867898358,0.619970012858973,0.814791993565833,0.38809302467689,0.61988232707026,0.388639198800221,0.476862509400022,0.599946392812544,0.599946392812544,0.755689380220977,0.405620792406217,0.284018600131813,0.577843453695767,0.27055334306393,0.209333210904192,0.236590590263692,0.236590590263692,0.180559217076318,0.274207192654144,0.382975511641668,0.41290874759762,0.299067894364087,0.472667358451707,0.225551201768429,0.331344322586257,0.37895236023697,0.339545030032305,0.403116595438345,0.551243721095547,0.2879321989235,0.374648549666966,0.443390349526624,0.347188593992966,0.629126766062301,0.372788667279065,0.587727096688947,0.26413570538055,0.632260908849781,0.403116595438345,0.168749358151857,0.257818952587239,0.138721613600809,0.213440228721862,0.231381063344854,0.247107816857081,0.376963219898342,0.222141088385977,0.574329803723458,0.396840386922834,0.28418376334217,0.266068916327978,0.743622246578491,0.47513976187995,0.740208102940953,0.227377738030346,0.61988232707026,0.499150827241373,0.61988232707026,0.58269164784939,0.518971411557896,0.30838975694849,0.243400534995579,0.160566343521106,0.131539636986916,0.130047289365186,0.0225270204939571,0.13751815789319,0.0846438597832148,0.423082130990947,0.0624175057852263,0.093621398820698
"Ibanag",0.175910227910572,0.175910227910572,0.175910227910572,0.175910227910572,0.175910227910572,0.175910227910572,0.175910227910572,0.175910227910572,0.175910227910572,0.116262424190345,0.116262424190345,0.116262424190345,0.116262424190345,0.203138507370503,0.329216022664909,0.215636693956011,0.259474453635007,0.395116391822176,0.633951300034525,0.999999999681866,0.999999999681866,0.888395240124903,0.706787605542233,0.405996751010208,0.984918278178385,0.79073529092867,0.635566151060624,0.795353322965895,0.498651864575096,0.451579592665411,0.76977409467944,0.76977409467944,0.713747262678207,0.520440462692184,0.364416160204614,0.408013031440348,0.347139273149695,0.15019505433181,0.303562634295451,0.303562634295451,0.303401083592378,0.437875226847172,0.643529514025308,0.529791430009917,0.383725480140468,0.606465998130231,0.379002967169047,0.425138444049909,0.486222958468727,0.435660537733427,0.517227399033154,0.424876470878781,0.221926548732755,0.267906646867502,0.327991807295234,0.445467776510599,0.451393872950111,0.626412140192054,0.501329878142401,0.338904985391435,0.456143910242743,0.517227399033154,0.285284011467977,0.433876604494374,0.177989743430716,0.350077425651151,0.379503374246995,0.317056987585635,0.483670749272396,0.373272813305285,0.922502196582297,0.509174574998827,0.477525673472518,0.34138543318653,0.410105496089248,0.40433697896042,0.423566110761384,0.291741886523913,0.795353322965895,0.795483446320257,0.795353322965895,0.747635023850923,0.862292338152514,0.39568609598496,0.31230028003245,0.206018092961454,0.135216874222874,0.227458270172805,0.0495545028755748,0.143193337249904,0.0821539247405511,0.310209427749709,0.0800861203382336,0.0565822331005195
"Ibanag",0.175910227910572,0.175910227910572,0.175910227910572,0.175910227910572,0.175910227910572,0.175910227910572,0.175910227910572,0.175910227910572,0.175910227910572,0.116262424190345,0.116262424190345,0.116262424190345,0.116262424190345,0.203138507370503,0.329216022664909,0.215636693956011,0.259474453635007,0.395116391822176,0.633951300034525,0.999999999681866,0.999999999681866,0.888395240124903,0.706787605542233,0.405996751010208,0.984918278178385,0.79073529092867,0.635566151060624,0.795353322965895,0.498651864575096,0.451579592665411,0.76977409467944,0.76977409467944,0.713747262678207,0.520440462692184,0.364416160204614,0.408013031440348,0.347139273149695,0.15019505433181,0.303562634295451,0.303562634295451,0.303401083592378,0.437875226847172,0.643529514025308,0.529791430009917,0.383725480140468,0.606465998130231,0.379002967169047,0.425138444049909,0.486222958468727,0.435660537733427,0.517227399033154,0.424876470878781,0.221926548732755,0.267906646867502,0.327991807295234,0.445467776510599,0.451393872950111,0.626412140192054,0.501329878142401,0.338904985391435,0.456143910242743,0.517227399033154,0.285284011467977,0.433876604494374,0.177989743430716,0.350077425651151,0.379503374246995,0.317056987585635,0.483670749272396,0.373272813305285,0.922502196582297,0.509174574998827,0.477525673472518,0.34138543318653,0.410105496089248,0.40433697896042,0.423566110761384,0.291741886523913,0.795353322965895,0.795483446320257,0.795353322965895,0.747635023850923,0.862292338152514,0.39568609598496,0.31230028003245,0.206018092961454,0.135216874222874,0.227458270172805,0.0495545028755748,0.143193337249904,0.0821539247405511,0.310209427749709,0.0800861203382336,0.0565822331005195
"Atta",0.113463199222386,0.113463199222386,0.113463199222386,0.113463199222386,0.113463199222386,0.113463199222386,0.113463199222386,0.113463199222386,0.113463199222386,0.121447542581261,0.121447542581261,0.121447542581261,0.121447542581261,0.196571938406442,0.370573825333796,0.203622171378363,0.292070963259776,0.329517063601081,0.528699328032507,0.888395240124903,0.888395240124903,0.999999999596914,0.589442962085881,0.407906894861772,0.901998936882529,0.73244383452091,0.655196833422244,0.852902727967721,0.53473283298082,0.465527496486809,0.772200317596279,0.772200317596279,0.735114217019242,0.52214690606953,0.39053970552298,0.459269717863227,0.304191354427518,0.160961940484807,0.341697726946348,0.341697726946348,0.34151588141829,0.405595923032289,0.724372987054065,0.464906721589086,0.411233233815408,0.650348077131619,0.426615260762503,0.478546512502202,0.521404608130863,0.490390445477375,0.473584149647702,0.389025721652748,0.203200557557447,0.287001562041144,0.329255145837888,0.501429719811744,0.483752504600374,0.705105241063422,0.503688547715008,0.310308443867308,0.489149129281904,0.473584149647702,0.32112284991701,0.488382405412735,0.162971106031426,0.360707199691527,0.391026639730665,0.33978554215748,0.442858984137781,0.420165255626629,0.883638142886805,0.573139692562639,0.537514893959621,0.295046643718234,0.439614937006784,0.405894379108148,0.425197576488242,0.243305344366866,0.852902727967721,0.738145375323813,0.852902727967721,0.801731674409474,0.935147899770515,0.424316767087251,0.313769598343416,0.132882960830044,0.110910359036253,0.17899040643704,0.0295252607066293,0.109900358348886,0.0866804028114042,0.319790842264373,0.0758419417146189,0.0531559015284948
