"","Isnag","Yogad","Agta","Gaddang","Ibanag","Atta","Casiguran Dumagat","Ilokano","Itneg","North Kalinga","Central Kalinga","South Kalinga","Balangaw","Central Ifugao","East Ifugao","Central Bontok","North Kankanay","Ilongot","Pangasinan","Inibaloi","North Kallahan","Itbayaten","Ivatanen","Kapampangan","Tina","Iraya","Siocon Subanon","Sindangan","Binukid","Ata","Tigwa","Dibabawon","Ilianen","Western Bukidnon","Sarangani Manobo","Kalamansig","Magindanao","Maranao","Hanunoo","Buhid","Kalamianen","Batak","Tagbanwa","Tagalog","Naga","Mansakan","Kalagan","Mamanwa","Tausug","Cebuano","Waray","Hiligaynon","Kuyunon","Tiruray","Tboli","Cotabato Bilaan","Sarangani Bilaan","Sangil"
"Isnag",0,1168.63818423411,1457.08824414734,1011.63074961912,1125.60242988412,402.951629045284,1902.7171527755,1067.67474473895,622.146323545498,929.107681880647,778.407765673151,794.485509083209,911.088335783669,823.975348045788,944.130635520269,778.313168482547,685.158467124725,1250.61546215891,916.698518499241,864.457869311283,881.651074712938,470.694698753759,470.694698753759,1079.42202740448,769.191113946269,3073.25310418227,6105.74966855263,6072.10451361173,6138.59525377575,6153.12168934732,6380.36701162505,6451.9123538153,6565.83691762965,6395.49007766075,7089.72650330079,6586.82436723608,6769.23620597832,6397.86478531812,3540.047680423,3424.9283749336,3503.12727917578,7261.18753580913,7321.9481664753,1320.49673955421,5284.41904722242,6744.29157110337,6691.82952322332,5832.47375400422,7447.91506554283,5727.54343515866,5797.14821532736,6222.71909031917,7298.44122552696,6603.36900333331,6772.22201984948,7113.13795609054,7207.02062714965,7453.89940857547
"Yogad",1168.63818423411,0,1777.38849175079,1331.93099722257,1445.90267748758,1060.06171703524,2223.01740037895,1387.9749923424,942.446571148951,1249.4079294841,1098.7080132766,1114.78575668666,1231.38858338712,1144.27559564924,1264.43088312372,1098.613416086,1005.45871472818,1570.91570976236,1236.99876610269,1184.75811691474,1201.95132231639,1127.80478674371,1127.80478674371,1399.72227500793,1089.49136154972,3393.55335178572,6426.04991615608,6392.40476121519,6458.89550137921,6473.42193695078,6700.6672592285,6772.21260141875,6886.1371652331,6715.7903252642,7410.02675090424,6907.12461483953,7089.53645358177,6718.16503292158,3860.34792802645,3745.22862253705,3823.42752677923,7581.48778341259,7642.24841407875,1640.79698715766,5604.71929482587,7064.59181870682,7012.12977082677,6152.77400160767,7768.21531314628,6047.84368276211,6117.44846293082,6543.01933792262,7618.74147313041,6923.66925093677,7092.52226745293,7433.43820369399,7527.3208747531,7774.19965617893
"Agta",1457.08824414734,1777.38849175079,0,1620.3810571358,1734.3527374008,1348.51177694846,1220.5932563715,1166.70905612117,1230.89663106218,1537.85798939733,1387.15807318983,1403.23581659989,1519.83864330035,1432.72565556247,1552.88094303695,1387.06347599923,1293.90877464141,1540.14096016747,1206.2240165078,1153.98336731985,1490.40138222962,1416.25484665694,1416.25484665694,1017.89833212105,868.225425328492,2391.12920777827,5423.62577214863,5389.98061720774,5456.47135737176,5470.99779294333,5698.24311522105,5769.7884574113,5883.71302122565,5713.36618125675,6407.60260689679,5904.70047083208,6087.11230957432,5715.74088891413,2857.923784019,2742.8044785296,2821.00338277178,6579.06363940514,6639.8242700713,638.372843150214,4602.29515081842,6062.16767469937,6009.70562681932,5150.34985760022,6765.79116913883,5045.41953875466,5115.02431892337,5540.59519391517,6616.31732912296,5921.24510692932,6090.09812344548,6431.01405968654,6524.89673074565,6771.77551217148
"Gaddang",1011.63074961912,1331.93099722257,1620.3810571358,0,1288.89524287258,903.054282420243,2066.00996576396,1230.96755772741,785.439136533959,1092.40049486911,941.700578661611,957.778322071669,1074.38114877213,987.268161034248,1107.42344850873,941.605981471007,848.451280113185,1413.90827514737,1079.9913314877,1027.75068229974,1044.9438877014,970.797352128719,970.797352128719,1242.71484039294,932.483926934729,3236.54591717073,6269.04248154109,6235.39732660019,6301.88806676421,6316.41450233578,6543.65982461351,6615.20516680376,6729.12973061811,6558.78289064921,7253.01931628925,6750.11718022454,6932.52901896678,6561.15759830658,3703.34049341146,3588.22118792206,3666.42009216424,7424.48034879759,7485.24097946376,1483.78955254267,5447.71186021088,6907.58438409183,6855.12233621178,5995.76656699268,7611.20787853129,5890.83624814712,5960.44102831582,6386.01190330763,7461.73403851542,6766.66181632177,6935.51483283794,7276.43076907899,7370.31344013811,7617.19222156393
"Ibanag",1125.60242988412,1445.90267748758,1734.3527374008,1288.89524287258,0,1017.02596268525,2179.98164602896,1344.93923799241,899.410816798965,1206.37217513411,1055.67225892662,1071.75000233668,1188.35282903714,1101.23984129925,1221.39512877374,1055.57766173601,962.422960378192,1527.87995541238,1193.96301175271,1141.72236256475,1158.9155679664,1084.76903239373,1084.76903239373,1356.68652065794,1046.45560719974,3350.51759743574,6383.0141618061,6349.3690068652,6415.85974702922,6430.38618260079,6657.63150487852,6729.17684706877,6843.10141088311,6672.75457091421,7366.99099655426,6864.08886048955,7046.50069923179,6675.12927857159,3817.31217367647,3702.19286818707,3780.39177242925,7538.4520290626,7599.21265972876,1597.76123280768,5561.68354047589,7021.55606435683,6969.09401647679,6109.73824725769,7725.1795587963,6004.80792841212,6074.41270858083,6499.98358357263,7575.70571878042,6880.63349658678,7049.48651310294,7390.402449344,7484.28512040311,7731.16390182894
"Atta",402.951629045284,1060.06171703524,1348.51177694846,903.054282420243,1017.02596268525,0,1794.14068557662,959.098277540073,513.569856346624,820.531214681773,669.831298474277,685.909041884335,802.511868584795,715.398880846914,835.554168321395,669.736701283673,576.581999925851,1142.03899496004,808.122051300367,755.881402112409,773.074607514064,362.118231554885,362.118231554885,970.845560205601,660.614646747395,2964.6766369834,5997.17320135376,5963.52804641286,6030.01878657688,6044.54522214845,6271.79054442618,6343.33588661643,6457.26045043077,6286.91361046187,6981.15003610192,6478.24790003721,6660.65973877945,6289.28831811925,3431.47121322412,3316.35190773473,3394.55081197691,7152.61106861026,7213.37169927642,1211.92027235534,5175.84258002354,6635.71510390449,6583.25305602445,5723.89728680535,7339.33859834396,5618.96696795978,5688.57174812849,6114.14262312029,7189.86475832808,6494.79253613444,6663.6455526506,7004.56148889166,7098.44415995077,7345.3229413766
"Casiguran Dumagat",1902.7171527755,2223.01740037895,1220.5932563715,2066.00996576396,2179.98164602896,1794.14068557662,0,1612.33796474933,1676.52553969034,1983.48689802549,1832.78698181799,1848.86472522805,1965.46755192851,1878.35456419063,1998.50985166511,1832.69238462739,1739.53768326957,1985.76986879563,1651.85292513596,1599.61227594801,1936.03029085778,1861.8837552851,1861.8837552851,1463.52724074921,1313.85433395665,2836.75811640643,5869.25468077679,5835.6095258359,5902.10026599992,5916.62670157148,6143.87202384921,6215.41736603946,6329.34192985381,6158.99508988491,6853.23151552495,6350.32937946024,6532.74121820248,6161.36979754229,3303.55269264716,3188.43338715776,3266.63229139994,7024.6925480333,7085.45317869946,1084.00175177837,5047.92405944658,6507.79658332753,6455.33453544748,5595.97876622838,7211.42007776699,5491.04844738282,5560.65322755153,5986.22410254333,7061.94623775112,6366.87401555748,6535.72703207364,6876.6429683147,6970.52563937381,7217.40442079964
"Ilokano",1067.67474473895,1387.9749923424,1166.70905612117,1230.96755772741,1344.93923799241,959.098277540073,1612.33796474933,0,841.483131653789,1148.44448998894,997.744573781441,1013.8223171915,1130.42514389196,1043.31215615408,1163.46744362856,997.649976590837,904.495275233015,1150.72746075908,816.810517099414,764.569867911456,1100.98788282123,1026.84134724855,1026.84134724855,789.042839378307,478.811925920101,2782.8739161561,5815.37048052646,5781.72532558557,5848.21606574959,5862.74250132116,6089.98782359888,6161.53316578913,6275.45772960348,6105.11088963458,6799.34731527462,6296.44517920991,6478.85701795215,6107.48559729196,3249.66849239683,3134.54918690743,3212.74809114961,6970.80834778297,7031.56897844913,1030.11755152804,4994.03985919625,6453.9123830772,6401.45033519715,5542.09456597805,7157.53587751666,5437.16424713249,5506.7690273012,5932.339902293,7008.06203750079,6312.98981530715,6481.84283182331,6822.75876806437,6916.64143912348,7163.52022054931
"Itneg",622.146323545498,942.446571148951,1230.89663106218,785.439136533959,899.410816798965,513.569856346624,1676.52553969034,841.483131653789,0,702.916068795488,552.216152587992,568.29389599805,684.896722698511,597.783734960629,717.93902243511,552.121555397389,458.966854039566,1024.42384907375,690.506905414082,638.266256226124,655.459461627779,581.3129260551,581.3129260551,853.230414319317,542.99950086111,2847.06149109711,5879.55805546747,5845.91290052658,5912.4036406906,5926.93007626216,6154.17539853989,6225.72074073014,6339.64530454449,6169.29846457559,6863.53489021563,6360.63275415092,6543.04459289316,6171.67317223297,3313.85606733784,3198.73676184844,3276.93566609062,7034.99592272397,7095.75655339014,1094.30512646905,5058.22743413726,6518.09995801821,6465.63791013816,5606.28214091906,7221.72345245767,5501.3518220735,5570.95660224221,5996.52747723401,7072.2496124418,6377.17739024816,6546.03040676432,6886.94634300538,6980.82901406449,7227.70779549032
"North Kalinga",929.107681880647,1249.4079294841,1537.85798939733,1092.40049486911,1206.37217513411,820.531214681773,1983.48689802549,1148.44448998894,702.916068795488,0,859.17751092314,875.255254333198,991.858081033659,904.745093295778,1024.90038077026,859.082913732537,765.928212374715,1331.3852074089,997.46826374923,945.227614561272,962.420819962928,888.274284390248,888.274284390248,1160.19177265447,849.960859196259,3154.02284943226,6186.51941380262,6152.87425886172,6219.36499902574,6233.89143459731,6461.13675687504,6532.68209906529,6646.60666287964,6476.25982291074,7170.49624855078,6667.59411248607,6850.00595122831,6478.63453056812,3620.81742567299,3505.69812018359,3583.89702442577,7341.95728105912,7402.71791172529,1401.2664848042,5365.18879247241,6825.06131635336,6772.59926847331,5913.24349925421,7528.68481079282,5808.31318040865,5877.91796057735,6303.48883556915,7379.21097077695,6684.1387485833,6852.99176509946,7193.90770134052,7287.79037239964,7534.66915382546
"Central Kalinga",778.407765673151,1098.7080132766,1387.15807318983,941.700578661611,1055.67225892662,669.831298474277,1832.78698181799,997.744573781441,552.216152587992,859.17751092314,0,724.555338125702,841.158164826163,754.045177088282,874.200464562763,708.382997525041,615.228296167219,1180.6852912014,846.768347541734,794.527698353776,811.720903755432,737.574368182752,737.574368182752,1009.49185644697,699.260942988763,3003.32293322477,6035.81949759512,6002.17434265423,6068.66508281825,6083.19151838982,6310.43684066754,6381.98218285779,6495.90674667214,6325.55990670324,7019.79633234328,6516.89419627857,6699.30603502081,6327.93461436062,3470.11750946549,3354.99820397609,3433.19710821828,7191.25736485163,7252.01799551779,1250.56656859671,5214.48887626491,6674.36140014586,6621.89935226581,5762.54358304671,7377.98489458532,5657.61326420115,5727.21804436986,6152.78891936166,7228.51105456945,6533.43883237581,6702.29184889197,7043.20778513303,7137.09045619214,7383.96923761797
"South Kalinga",794.485509083209,1114.78575668666,1403.23581659989,957.778322071669,1071.75000233668,685.909041884335,1848.86472522805,1013.8223171915,568.29389599805,875.255254333198,724.555338125702,0,857.235908236221,770.12292049834,890.278207972821,724.460740935099,631.306039577277,1196.76303461146,862.846090951792,810.605441763834,827.79864716549,753.65211159281,753.65211159281,1025.56959985703,715.33868639882,3019.40067663482,6051.89724100518,6018.25208606429,6084.7428262283,6099.26926179987,6326.5145840776,6398.05992626785,6511.9844900822,6341.6376501133,7035.87407575334,6532.97193968863,6715.38377843087,6344.01235777068,3486.19525287555,3371.07594738615,3449.27485162833,7207.33510826168,7268.09573892785,1266.64431200676,5230.56661967497,6690.43914355592,6637.97709567587,5778.62132645677,7394.06263799538,5673.69100761121,5743.29578777992,6168.86666277172,7244.58879797951,6549.51657578586,6718.36959230203,7059.28552854309,7153.1681996022,7400.04698102802
"Balangaw",911.088335783669,1231.38858338712,1519.83864330035,1074.38114877213,1188.35282903714,802.511868584795,1965.46755192851,1130.42514389196,684.896722698511,991.858081033659,841.158164826163,857.235908236221,0,886.7257471988,1006.88103467328,841.063567635559,747.908866277737,1313.36586131192,979.448917652253,927.208268464295,944.40147386595,870.254938293271,870.254938293271,1142.17242655749,831.941513099281,3136.00350333529,6168.50006770564,6134.85491276475,6201.34565292877,6215.87208850033,6443.11741077806,6514.66275296831,6628.58731678266,6458.24047681376,7152.4769024538,6649.57476638909,6831.98660513133,6460.61518447114,3602.79807957601,3487.67877408661,3565.8776783288,7323.93793496214,7384.69856562831,1383.24713870722,5347.16944637543,6807.04197025638,6754.57992237633,5895.22415315723,7510.66546469584,5790.29383431167,5859.89861448038,6285.46948947218,7361.19162467997,6666.11940248633,6834.97241900249,7175.88835524355,7269.77102630266,7516.64980772849
"Central Ifugao",823.975348045788,1144.27559564924,1432.72565556247,987.268161034248,1101.23984129925,715.398880846914,1878.35456419063,1043.31215615408,597.783734960629,904.745093295778,754.045177088282,770.12292049834,886.7257471988,0,919.7680469354,753.950579897678,660.795878539856,1226.25287357404,892.335929914372,840.095280726414,857.288486128069,783.14195055539,783.14195055539,1055.05943881961,744.8285253614,3048.8905155974,6081.38707996776,6047.74192502686,6114.23266519089,6128.75910076245,6356.00442304018,6427.54976523043,6541.47432904478,6371.12748907588,7065.36391471592,6562.46177865121,6744.87361739345,6373.50219673326,3515.68509183813,3400.56578634873,3478.76469059091,7236.82494722426,7297.58557789043,1296.13415096934,5260.05645863755,6719.9289825185,6667.46693463845,5808.11116541935,7423.55247695796,5703.18084657379,5772.78562674249,6198.3565017343,7274.07863694209,6579.00641474844,6747.85943126461,7088.77536750567,7182.65803856478,7429.5368199906
"East Ifugao",944.130635520269,1264.43088312372,1552.88094303695,1107.42344850873,1221.39512877374,835.554168321395,1998.50985166511,1163.46744362856,717.93902243511,1024.90038077026,874.200464562763,890.278207972821,1006.88103467328,919.7680469354,0,874.105867372159,780.951166014337,1346.40816104852,1012.49121738885,960.250568200895,977.44377360255,903.297238029871,903.297238029871,1175.21472629409,864.983812835881,3169.04580307188,6201.54236744224,6167.89721250135,6234.38795266537,6248.91438823694,6476.15971051466,6547.70505270491,6661.62961651926,6491.28277655036,7185.5192021904,6682.61706612569,6865.02890486793,6493.65748420774,3635.84037931261,3520.72107382321,3598.91997806539,7356.98023469875,7417.74086536491,1416.28943844382,5380.21174611203,6840.08426999298,6787.62222211293,5928.26645289383,7543.70776443244,5823.33613404827,5892.94091421698,6318.51178920878,7394.23392441657,6699.16170222293,6868.01471873909,7208.93065498015,7302.81332603926,7549.69210746509
"Central Bontok",778.313168482547,1098.613416086,1387.06347599923,941.605981471007,1055.57766173601,669.736701283673,1832.69238462739,997.649976590837,552.121555397389,859.082913732537,708.382997525041,724.460740935099,841.063567635559,753.950579897678,874.105867372159,0,615.133698976615,1180.5906940108,846.673750351131,794.433101163173,811.626306564828,737.479770992149,737.479770992149,1009.39725925637,699.166345798159,3003.22833603416,6035.72490040452,6002.07974546362,6068.57048562764,6083.09692119921,6310.34224347694,6381.88758566719,6495.81214948154,6325.46530951264,7019.70173515268,6516.79959908797,6699.21143783021,6327.84001717002,3470.02291227489,3354.90360678549,3433.10251102767,7191.16276766102,7251.92339832719,1250.4719714061,5214.39427907431,6674.26680295526,6621.80475507521,5762.44898585611,7377.89029739472,5657.51866701055,5727.12344717925,6152.69432217106,7228.41645737885,6533.3442351852,6702.19725170137,7043.11318794242,7136.99585900154,7383.87464042736
"North Kankanay",685.158467124725,1005.45871472818,1293.90877464141,848.451280113185,962.422960378192,576.581999925851,1739.53768326957,904.495275233015,458.966854039566,765.928212374715,615.228296167219,631.306039577277,747.908866277737,660.795878539856,780.951166014337,615.133698976615,0,1087.43599265298,753.519048993309,701.278399805351,718.471605207006,644.325069634327,644.325069634327,916.242557898543,606.011644440337,2910.07363467634,5942.5701990467,5908.9250441058,5975.41578426982,5989.94221984139,6217.18754211912,6288.73288430937,6402.65744812371,6232.31060815481,6926.54703379486,6423.64489773015,6606.05673647239,6234.68531581219,3376.86821091707,3261.74890542767,3339.94780966985,7098.0080663032,7158.76869696937,1157.31727004828,5121.23957771649,6581.11210159743,6528.65005371739,5669.29428449829,7284.7355960369,5564.36396565273,5633.96874582143,6059.53962081323,7135.26175602103,6440.18953382738,6609.04255034354,6949.9584865846,7043.84115764371,7290.71993906954
"Ilongot",1250.61546215891,1570.91570976236,1540.14096016747,1413.90827514737,1527.87995541238,1142.03899496004,1985.76986879563,1150.72746075908,1024.42384907375,1331.3852074089,1180.6852912014,1196.76303461146,1313.36586131192,1226.25287357404,1346.40816104852,1180.5906940108,1087.43599265298,0,999.751234519376,947.510585331418,1283.92860024119,1209.78206466851,1209.78206466851,1162.47474342461,852.243829966404,3156.30582020241,6188.80238457277,6155.15722963187,6221.64796979589,6236.17440536746,6463.41972764519,6534.96506983543,6648.88963364978,6478.54279368088,7172.77921932093,6669.87708325622,6852.28892199846,6480.91750133826,3623.10039644313,3507.98109095373,3586.17999519592,7344.24025182927,7405.00088249543,1403.54945557435,5367.47176324255,6827.3442871235,6774.88223924345,5915.52647002436,7530.96778156297,5810.59615117879,5880.2009313475,6305.7718063393,7381.49394154709,6686.42171935345,6855.27473586961,7196.19067211067,7290.07334316978,7536.95212459561
"Pangasinan",916.698518499241,1236.99876610269,1206.2240165078,1079.9913314877,1193.96301175271,808.122051300367,1651.85292513596,816.810517099414,690.506905414082,997.46826374923,846.768347541734,862.846090951792,979.448917652253,892.335929914372,1012.49121738885,846.673750351131,753.519048993309,999.751234519376,0,613.593641671749,950.011656581521,875.865121008842,875.865121008842,828.557799764941,518.326886306735,2822.38887654274,5854.8854409131,5821.2402859722,5887.73102613622,5902.25746170779,6129.50278398552,6201.04812617577,6314.97268999011,6144.62585002121,6838.86227566126,6335.96013959655,6518.37197833879,6147.00055767859,3289.18345278346,3174.06414729407,3252.26305153625,7010.3233081696,7071.08393883577,1069.63251191468,5033.55481958289,6493.42734346383,6440.96529558379,5581.60952636469,7197.0508379033,5476.67920751912,5546.28398768783,5971.85486267963,7047.57699788742,6352.50477569378,6521.35779220994,6862.273728451,6956.15639951011,7203.03518093594
"Inibaloi",864.457869311283,1184.75811691474,1153.98336731985,1027.75068229974,1141.72236256475,755.881402112409,1599.61227594801,764.569867911456,638.266256226124,945.227614561272,794.527698353776,810.605441763834,927.208268464295,840.095280726414,960.250568200895,794.433101163173,701.278399805351,947.510585331418,613.593641671749,0,897.771007393564,823.624471820884,823.624471820884,776.317150576983,466.086237118777,2770.14822735478,5802.64479172514,5768.99963678424,5835.49037694826,5850.01681251983,6077.26213479756,6148.80747698781,6262.73204080216,6092.38520083326,6786.6216264733,6283.71949040859,6466.13132915083,6094.75990849063,3236.94280359551,3121.82349810611,3200.02240234829,6958.08265898164,7018.84328964781,1017.39186272672,4981.31417039493,6441.18669427588,6388.72464639583,5529.36887717673,7144.81018871534,5424.43855833117,5494.04333849987,5919.61421349167,6995.33634869947,6300.26412650582,6469.11714302198,6810.03307926304,6903.91575032216,7150.79453174798
"North Kallahan",881.651074712938,1201.95132231639,1490.40138222962,1044.9438877014,1158.9155679664,773.074607514064,1936.03029085778,1100.98788282123,655.459461627779,962.420819962928,811.720903755432,827.79864716549,944.40147386595,857.288486128069,977.44377360255,811.626306564828,718.471605207006,1283.92860024119,950.011656581521,897.771007393564,0,840.81767722254,840.81767722254,1112.73516548676,802.50425202855,3106.56624226455,6139.06280663491,6105.41765169402,6171.90839185803,6186.4348274296,6413.68014970733,6485.22549189758,6599.15005571193,6428.80321574303,7123.03964138307,6620.13750531836,6802.5493440606,6431.17792340041,3573.36081850528,3458.24151301588,3536.44041725806,7294.50067389141,7355.26130455758,1353.80987763649,5317.7321853047,6777.60470918565,6725.1426613056,5865.7868920865,7481.22820362511,5760.85657324094,5830.46135340964,6256.03222840145,7331.75436360924,6636.6821414156,6805.53515793176,7146.45109417281,7240.33376523193,7487.21254665775
"Itbayaten",470.694698753759,1127.80478674371,1416.25484665694,970.797352128719,1084.76903239373,362.118231554885,1861.8837552851,1026.84134724855,581.3129260551,888.274284390248,737.574368182752,753.65211159281,870.254938293271,783.14195055539,903.297238029871,737.479770992149,644.325069634327,1209.78206466851,875.865121008842,823.624471820884,840.81767722254,0,257.193910368047,1038.58862991408,728.35771645587,3032.41970669187,6064.91627106223,6031.27111612134,6097.76185628536,6112.28829185692,6339.53361413465,6411.0789563249,6525.00352013925,6354.65668017035,7048.89310581039,6545.99096974568,6728.40280848792,6357.03138782773,3499.2142829326,3384.0949774432,3462.29388168538,7220.35413831873,7281.1147689849,1279.66334206381,5243.58564973202,6703.45817361297,6650.99612573292,5791.64035651382,7407.08166805243,5686.71003766826,5756.31481783697,6181.88569282877,7257.60782803656,6562.53560584292,6731.38862235908,7072.30455860014,7166.18722965925,7413.06601108507
"Ivatanen",470.694698753759,1127.80478674371,1416.25484665694,970.797352128719,1084.76903239373,362.118231554885,1861.8837552851,1026.84134724855,581.3129260551,888.274284390248,737.574368182752,753.65211159281,870.254938293271,783.14195055539,903.297238029871,737.479770992149,644.325069634327,1209.78206466851,875.865121008842,823.624471820884,840.81767722254,257.193910368047,0,1038.58862991408,728.35771645587,3032.41970669187,6064.91627106223,6031.27111612134,6097.76185628536,6112.28829185692,6339.53361413465,6411.0789563249,6525.00352013925,6354.65668017035,7048.89310581039,6545.99096974568,6728.40280848792,6357.03138782773,3499.2142829326,3384.0949774432,3462.29388168538,7220.35413831873,7281.1147689849,1279.66334206381,5243.58564973202,6703.45817361297,6650.99612573292,5791.64035651382,7407.08166805243,5686.71003766826,5756.31481783697,6181.88569282877,7257.60782803656,6562.53560584292,6731.38862235908,7072.30455860014,7166.18722965925,7413.06601108507
"Kapampangan",1079.42202740448,1399.72227500793,1017.89833212105,1242.71484039294,1356.68652065794,970.845560205601,1463.52724074921,789.042839378307,853.230414319317,1160.19177265447,1009.49185644697,1025.56959985703,1142.17242655749,1055.05943881961,1175.21472629409,1009.39725925637,916.242557898543,1162.47474342461,828.557799764941,776.317150576983,1112.73516548676,1038.58862991408,1038.58862991408,0,490.559208585629,2634.06319215599,5666.55975652635,5632.91460158545,5699.40534174947,5713.93177732104,5941.17709959877,6012.72244178902,6126.64700560336,5956.30016563446,6650.53659127451,6147.6344552098,6330.04629395204,5958.67487329184,3100.85776839671,2985.73846290732,3063.9373671495,6821.99762378285,6882.75825444901,881.306827527928,4845.22913519614,6305.10165907708,6252.63961119704,5393.28384197794,7008.72515351655,5288.35352313237,5357.95830330108,5783.52917829288,6859.25131350067,6164.17909130703,6333.03210782319,6673.94804406425,6767.83071512336,7014.70949654919
"Tina",769.191113946269,1089.49136154972,868.225425328492,932.483926934729,1046.45560719974,660.614646747395,1313.85433395665,478.811925920101,542.99950086111,849.960859196259,699.260942988763,715.33868639882,831.941513099281,744.8285253614,864.983812835881,699.166345798159,606.011644440337,852.243829966404,518.326886306735,466.086237118777,802.50425202855,728.35771645587,728.35771645587,490.559208585629,0,2484.39028536343,5516.88684973378,5483.24169479289,5549.73243495691,5564.25887052848,5791.5041928062,5863.04953499645,5976.9740988108,5806.6272588419,6500.86368448194,5997.96154841723,6180.37338715947,5809.00196649928,2951.18486160415,2836.06555611475,2914.26446035694,6672.32471699029,6733.08534765645,731.633920735365,4695.55622840357,6155.42875228452,6102.96670440447,5243.61093518537,6859.05224672398,5138.68061633981,5208.28539650852,5633.85627150032,6709.57840670811,6014.50618451447,6183.35920103063,6524.27513727169,6618.1578083308,6865.03658975663
"Iraya",3073.25310418227,3393.55335178572,2391.12920777827,3236.54591717073,3350.51759743574,2964.6766369834,2836.75811640643,2782.8739161561,2847.06149109711,3154.02284943226,3003.32293322477,3019.40067663482,3136.00350333529,3048.8905155974,3169.04580307188,3003.22833603416,2910.07363467634,3156.30582020241,2822.38887654274,2770.14822735478,3106.56624226455,3032.41970669187,3032.41970669187,2634.06319215599,2484.39028536343,0,3200.61227438862,3166.96711944772,3233.45785961174,3247.98429518331,3475.22961746103,3546.77495965128,3660.69952346563,3490.35268349673,4184.58910913677,3681.68697307207,3864.0988118143,3492.72739115411,634.910286258983,519.790980769584,597.989885011766,4356.05014164512,4416.81077231128,2254.53770318515,2379.2816530584,3839.15417693935,3786.6921290593,2927.33635984021,4542.77767137882,2822.40604099464,2892.01082116335,3317.58169615515,4393.30383136294,3698.2316091693,3867.08462568546,4208.00056192652,4301.88323298563,4548.76201441146
"Siocon Subanon",6105.74966855263,6426.04991615608,5423.62577214863,6269.04248154109,6383.0141618061,5997.17320135376,5869.25468077679,5815.37048052646,5879.55805546747,6186.51941380262,6035.81949759512,6051.89724100518,6168.50006770564,6081.38707996776,6201.54236744224,6035.72490040452,5942.5701990467,6188.80238457277,5854.8854409131,5802.64479172514,6139.06280663491,6064.91627106223,6064.91627106223,5666.55975652635,5516.88684973378,3200.61227438862,0,330.999668091061,1108.94877013526,646.821597058184,1350.72052798455,1422.2658701748,1536.19043398915,1365.84359402025,2060.08001966029,845.719521715408,1739.58972233782,891.564693028987,3587.73047266867,3472.61116717927,3550.81007142145,1520.08269028846,1580.84332095463,5287.03426755551,1399.08113196989,1714.64508746287,1662.18303958282,802.827270363724,1706.81022002216,577.222937030246,1229.86397337375,716.418998030027,1557.33638000628,862.26415781264,1031.1171743288,2083.49147245004,2177.37414350915,2424.25292493498
"Sindangan",6072.10451361173,6392.40476121519,5389.98061720774,6235.39732660019,6349.3690068652,5963.52804641286,5835.6095258359,5781.72532558557,5845.91290052658,6152.87425886172,6002.17434265423,6018.25208606429,6134.85491276475,6047.74192502686,6167.89721250135,6002.07974546362,5908.9250441058,6155.15722963187,5821.2402859722,5768.99963678424,6105.41765169402,6031.27111612134,6031.27111612134,5632.91460158545,5483.24169479289,3166.96711944772,330.999668091061,0,1075.30361519436,613.176442117288,1317.07537304366,1388.62071523391,1502.54527904825,1332.19843907935,2026.4348647194,812.074366774511,1705.94456739693,857.919538088091,3554.08531772777,3438.96601223837,3517.16491648056,1486.43753534756,1547.19816601373,5253.38911261461,1365.43597702899,1680.99993252197,1628.53788464193,769.182115422828,1673.16506508126,543.57778208935,1196.21881843285,682.773843089131,1523.69122506539,828.619002871744,997.472019387907,2049.84631750914,2143.72898856825,2390.60776999408
"Binukid",6138.59525377575,6458.89550137921,5456.47135737176,6301.88806676421,6415.85974702922,6030.01878657688,5902.10026599992,5848.21606574959,5912.4036406906,6219.36499902574,6068.66508281825,6084.7428262283,6201.34565292877,6114.23266519089,6234.38795266537,6068.57048562764,5975.41578426982,6221.64796979589,5887.73102613622,5835.49037694826,6171.90839185803,6097.76185628536,6097.76185628536,5699.40534174947,5549.73243495691,3233.45785961174,1108.94877013526,1075.30361519436,0,1156.32079092995,1004.18089365923,1075.72623584948,1189.65079966383,1019.30395969493,1713.54038533497,1590.02346881871,1393.0500880125,1401.06388690075,3620.57605789179,3505.45675240239,3583.65565664457,2264.38663739176,2325.14726805792,5319.87985277863,1431.92671719301,1368.10545313755,1315.6434052575,456.287636038402,2451.11416712546,730.742536741284,1262.70955859687,1225.91819190179,2301.64032710958,1606.56810491594,1775.4211214321,1736.95183812472,1830.83450918383,2077.71329060965
"Ata",6153.12168934732,6473.42193695078,5470.99779294333,6316.41450233578,6430.38618260079,6044.54522214845,5916.62670157148,5862.74250132116,5926.93007626216,6233.89143459731,6083.19151838982,6099.26926179987,6215.87208850033,6128.75910076245,6248.91438823694,6083.09692119921,5989.94221984139,6236.17440536746,5902.25746170779,5850.01681251983,6186.4348274296,6112.28829185692,6112.28829185692,5713.93177732104,5564.25887052848,3247.98429518331,646.821597058184,613.176442117288,1156.32079092995,0,1398.09254877924,1469.63789096949,1583.56245478384,1413.21561481494,2107.45204045498,1127.89629574163,1786.96174313252,938.93671382368,3635.10249346336,3519.98318797396,3598.18209221614,1802.25946431469,1863.02009498085,5334.4062883502,1446.45315276458,1762.01710825756,1709.55506037752,850.199291158416,1988.98699404838,624.594957824939,1277.23599416844,763.791018824719,1839.51315403251,1144.44093183887,1313.29394835503,2130.86349324473,2224.74616430384,2471.62494572967
"Tigwa",6380.36701162505,6700.6672592285,5698.24311522105,6543.65982461351,6657.63150487852,6271.79054442618,6143.87202384921,6089.98782359888,6154.17539853989,6461.13675687504,6310.43684066754,6326.5145840776,6443.11741077806,6356.00442304018,6476.15971051466,6310.34224347694,6217.18754211912,6463.41972764519,6129.50278398552,6077.26213479756,6413.68014970733,6339.53361413465,6339.53361413465,5941.17709959877,5791.5041928062,3475.22961746103,1350.72052798455,1317.07537304366,1004.18089365923,1398.09254877924,0,1317.49799369878,1431.42255751312,1261.07571754422,1955.31214318427,1831.795226668,1634.8218458618,1642.83564475005,3862.34781574109,3747.22851025169,3825.42741449387,2506.15839524106,2566.91902590722,5561.65161062793,1673.6984750423,1609.87721098684,1557.4151631068,698.059393887698,2692.88592497475,972.51429459058,1504.48131644617,1467.68994975109,2543.41208495888,1848.33986276524,2017.1928792814,1978.72359597401,2072.60626703312,2319.48504845895
"Dibabawon",6451.9123538153,6772.21260141875,5769.7884574113,6615.20516680376,6729.17684706877,6343.33588661643,6215.41736603946,6161.53316578913,6225.72074073014,6532.68209906529,6381.98218285779,6398.05992626785,6514.66275296831,6427.54976523043,6547.70505270491,6381.88758566719,6288.73288430937,6534.96506983543,6201.04812617577,6148.80747698781,6485.22549189758,6411.0789563249,6411.0789563249,6012.72244178902,5863.04953499645,3546.77495965128,1422.2658701748,1388.62071523391,1075.72623584948,1469.63789096949,1317.49799369878,0,1502.96789970337,1332.62105973447,2026.85748537452,1903.34056885825,1706.36718805205,1714.3809869403,3933.89315793134,3818.77385244194,3896.97275668412,2577.7037374313,2638.46436809747,5633.19695281818,1745.24381723255,1681.42255317709,1628.96050529705,769.604736077948,2764.431267165,1044.05963678083,1576.02665863642,1539.23529194134,2614.95742714913,1919.88520495549,2088.73822147165,2050.26893816426,2144.15160922337,2391.0303906492
"Ilianen",6565.83691762965,6886.1371652331,5883.71302122565,6729.12973061811,6843.10141088311,6457.26045043077,6329.34192985381,6275.45772960348,6339.64530454449,6646.60666287964,6495.90674667214,6511.9844900822,6628.58731678266,6541.47432904478,6661.62961651926,6495.81214948154,6402.65744812371,6648.88963364978,6314.97268999011,6262.73204080216,6599.15005571193,6525.00352013925,6525.00352013925,6126.64700560336,5976.9740988108,3660.69952346563,1536.19043398915,1502.54527904825,1189.65079966383,1583.56245478384,1431.42255751312,1502.96789970337,0,1446.54562354882,2140.78204918886,2017.2651326726,1820.2917518664,1828.30555075465,4047.81772174568,3932.69841625628,4010.89732049847,2691.62830124565,2752.38893191182,5747.12151663252,1859.1683810469,1795.34711699144,1742.8850691114,883.529299892296,2878.35583097935,1157.98420059518,1689.95122245077,1653.15985575569,2728.88199096348,2033.80976876983,2202.662785286,2164.19350197861,2258.07617303772,2504.95495446355
"Western Bukidnon",6395.49007766075,6715.7903252642,5713.36618125675,6558.78289064921,6672.75457091421,6286.91361046187,6158.99508988491,6105.11088963458,6169.29846457559,6476.25982291074,6325.55990670324,6341.6376501133,6458.24047681376,6371.12748907588,6491.28277655036,6325.46530951264,6232.31060815481,6478.54279368088,6144.62585002121,6092.38520083326,6428.80321574303,6354.65668017035,6354.65668017035,5956.30016563446,5806.6272588419,3490.35268349673,1365.84359402025,1332.19843907935,1019.30395969493,1413.21561481494,1261.07571754422,1332.62105973447,1446.54562354882,0,1970.43520921996,1846.9182927037,1649.94491189749,1657.95871078575,3877.47088177678,3762.35157628738,3840.55048052957,2521.28146127675,2582.04209194292,5576.77467666362,1688.821541078,1625.00027702254,1572.53822914249,713.182459923396,2708.00899101045,987.637360626277,1519.60438248187,1482.81301578679,2558.53515099458,1863.46292880093,2032.3159453171,1993.84666200971,2087.72933306882,2334.60811449465
"Sarangani Manobo",7089.72650330079,7410.02675090424,6407.60260689679,7253.01931628925,7366.99099655426,6981.15003610192,6853.23151552495,6799.34731527462,6863.53489021563,7170.49624855078,7019.79633234328,7035.87407575334,7152.4769024538,7065.36391471592,7185.5192021904,7019.70173515268,6926.54703379486,7172.77921932093,6838.86227566126,6786.6216264733,7123.03964138307,7048.89310581039,7048.89310581039,6650.53659127451,6500.86368448194,4184.58910913677,2060.08001966029,2026.4348647194,1713.54038533497,2107.45204045498,1955.31214318427,2026.85748537452,2140.78204918886,1970.43520921996,0,2541.15471834374,2344.18133753754,2352.19513642579,4571.70730741683,4456.58800192743,4534.78690616961,3215.5178869168,3276.27851758296,6271.01110230367,2383.05796671804,2319.23670266258,2266.77465478254,1407.41888556344,3402.24541665049,1681.87378626632,2213.84080812191,2177.04944142683,3252.77157663462,2557.69935444098,2726.55237095714,2688.08308764975,2781.96575870886,3028.84454013469
"Kalamansig",6586.82436723608,6907.12461483953,5904.70047083208,6750.11718022454,6864.08886048955,6478.24790003721,6350.32937946024,6296.44517920991,6360.63275415092,6667.59411248607,6516.89419627857,6532.97193968863,6649.57476638909,6562.46177865121,6682.61706612569,6516.79959908797,6423.64489773015,6669.87708325622,6335.96013959655,6283.71949040859,6620.13750531836,6545.99096974568,6545.99096974568,6147.6344552098,5997.96154841723,3681.68697307207,845.719521715408,812.074366774511,1590.02346881871,1127.89629574163,1831.795226668,1903.34056885825,2017.2651326726,1846.9182927037,2541.15471834374,0,2220.66442102127,1372.63939171244,4068.80517135212,3953.68586586272,4031.8847701049,2001.15738897191,2061.91801963808,5768.10896623896,1880.15583065334,2195.71978614632,2143.25773826627,1283.90196904717,2187.88491870561,1058.2976357137,1710.9386720572,1197.49369671348,2038.41107868973,1343.33885649609,1512.19187301225,2564.56617113349,2658.4488421926,2905.32762361843
"Magindanao",6769.23620597832,7089.53645358177,6087.11230957432,6932.52901896678,7046.50069923179,6660.65973877945,6532.74121820248,6478.85701795215,6543.04459289316,6850.00595122831,6699.30603502081,6715.38377843087,6831.98660513133,6744.87361739345,6865.02890486793,6699.21143783021,6606.05673647239,6852.28892199846,6518.37197833879,6466.13132915083,6802.5493440606,6728.40280848792,6728.40280848792,6330.04629395204,6180.37338715947,3864.0988118143,1739.58972233782,1705.94456739693,1393.0500880125,1786.96174313252,1634.8218458618,1706.36718805205,1820.2917518664,1649.94491189749,2344.18133753754,2220.66442102127,0,2031.70483910332,4251.21701009436,4136.09770460496,4214.29660884714,2895.02758959433,2955.78822026049,5950.5208049812,2062.56766939557,1998.74640534011,1946.28435746007,1086.92858824097,3081.75511932802,1361.38348894385,1893.35051079944,1856.55914410436,2932.28127931215,2237.20905711851,2406.06207363467,2367.59279032728,2461.47546138639,2708.35424281222
"Maranao",6397.86478531812,6718.16503292158,5715.74088891413,6561.15759830658,6675.12927857159,6289.28831811925,6161.36979754229,6107.48559729196,6171.67317223297,6478.63453056812,6327.93461436062,6344.01235777068,6460.61518447114,6373.50219673326,6493.65748420774,6327.84001717002,6234.68531581219,6480.91750133826,6147.00055767859,6094.75990849063,6431.17792340041,6357.03138782773,6357.03138782773,5958.67487329184,5809.00196649928,3492.72739115411,891.564693028987,857.919538088091,1401.06388690075,938.93671382368,1642.83564475005,1714.3809869403,1828.30555075465,1657.95871078575,2352.19513642579,1372.63939171244,2031.70483910332,0,3879.84558943416,3764.72628394476,3842.92518818695,2047.00256028549,2107.76319095166,5579.149384321,1691.19624873538,2006.76020422837,1954.29815634832,1094.94238712922,2233.73009001919,869.338053795742,1521.97909013924,1008.53411479552,2084.25625000331,1389.18402780967,1558.03704432583,2375.60658921553,2469.48926027465,2716.36804170047
"Hanunoo",3540.047680423,3860.34792802645,2857.923784019,3703.34049341146,3817.31217367647,3431.47121322412,3303.55269264716,3249.66849239683,3313.85606733784,3620.81742567299,3470.11750946549,3486.19525287555,3602.79807957601,3515.68509183813,3635.84037931261,3470.02291227489,3376.86821091707,3623.10039644313,3289.18345278346,3236.94280359551,3573.36081850528,3499.2142829326,3499.2142829326,3100.85776839671,2951.18486160415,634.910286258983,3587.73047266867,3554.08531772777,3620.57605789179,3635.10249346336,3862.34781574109,3933.89315793134,4047.81772174568,3877.47088177678,4571.70730741683,4068.80517135212,4251.21701009436,3879.84558943416,0,906.909179049635,985.108083291818,4743.16833992517,4803.92897059134,2721.33227942587,2766.39985133845,4226.2723752194,4173.81032733936,3314.45455812026,4929.89586965887,3209.52423927469,3279.1290194434,3704.6998944352,4780.422029643,4085.34980744935,4254.20282396551,4595.11876020657,4689.00143126568,4935.88021269151
"Buhid",3424.9283749336,3745.22862253705,2742.8044785296,3588.22118792206,3702.19286818707,3316.35190773473,3188.43338715776,3134.54918690743,3198.73676184844,3505.69812018359,3354.99820397609,3371.07594738615,3487.67877408661,3400.56578634873,3520.72107382321,3354.90360678549,3261.74890542767,3507.98109095373,3174.06414729407,3121.82349810611,3458.24151301588,3384.0949774432,3384.0949774432,2985.73846290732,2836.06555611475,519.790980769584,3472.61116717927,3438.96601223837,3505.45675240239,3519.98318797396,3747.22851025169,3818.77385244194,3932.69841625628,3762.35157628738,4456.58800192743,3953.68586586272,4136.09770460496,3764.72628394476,906.909179049635,0,869.988777802419,4628.04903443577,4688.80966510194,2606.21297393647,2651.28054584906,4111.15306973,4058.69102184996,3199.33525263086,4814.77656416947,3094.4049337853,3164.009713954,3589.5805889458,4665.3027241536,3970.23050195995,4139.08351847611,4479.99945471717,4573.88212577628,4820.76090720211
